Clinical Commissioning Group (CCG),Avg. waiting time 2019/20 (days),Avg. waiting time 2020/21 (days),Avg. waiting time change (days)
NHS CANNOCK CHASE CCG,57,81,24
NHS TELFORD AND WREKIN CCG,17,29,12
NHS BARKING AND DAGENHAM CCG,8,20,12
NHS ISLE OF WIGHT CCG,45,56,11
NHS SHROPSHIRE CCG,18,29,11
NHS STAFFORD AND SURROUNDS CCG,55,64,9
NHS NORTH EAST HAMPSHIRE AND FARNHAM CCG,61,69,8
NHS ROTHERHAM CCG,12,20,8
NHS OLDHAM CCG,33,39,6
NHS SOUTH EAST STAFFORDSHIRE AND SEISDON PENINSULA CCG,53,58,5
